A 10 3 1 2 7 14 8 9
B 1 2 5 7 9 12 14 15 16
C 1 2 3 10 15 16
D 1 2 15 16 7 14 5 12
E 1 2 3 8 9 10 15 16
F 1 2 3 10 8 9
G 1 2 3 10 15 16 14 9
H 3 10 7 14 8 9
I 1 2 15 16 5 12
J 15 16 14 7 10
K 3 10 8 6 13
L 3 10 15 16
M 10 3 4 6 7 14
N 10 3 4 13 14 7
O 1 2 7 14 16 15 10 3
P 1 2 7 9 8 3 10
Q 1 2 7 14 16 15 10 3 13
R 1 2 7 9 13 10 3 8
S 1 2 4 13 15 16
T 1 2 5 12
U 3 10 15 16 14 7
V 3 10 11 6
W 3 10 11 13 14 7
X 4 11 6 13
Y 4 6 12
Z 1 2 6 11 15 16
1 7 14
2 1 2 7 8 9 10 15 16
3 1 2 8 9 15 16 7 14
4 3 8 9 7 14
5 1 2 3 8 9 14 15 16
6 1 2 3 8 9 10 15 16 14
7 1 2 7 14
8 1 2 3 7 8 9 10 14 15 16
9 1 2 3 8 9 7 14
0 1 2 3 7 10 14 15 16
SPC
. 17
